26.03.2021 13:45:34

TIME STEP: 64 = 1s
VOLTAGE RANGE:
CH1= 15V
CH2= 15V
CH3= 15V
CH4= 30V
CH5= 30V
CH6= 30V
CH7= 30V
CH8= 30V

   N     CH1     CH2     CH3     CH4     CH5     CH6     CH7     CH8

   1    12,6    15,0    13,0     7,8     2,4     0,0     2,0     7,2
   2    12,7    15,0    12,9     7,6     2,2     0,0     2,1     7,3
   3    12,8    15,0    12,8     7,4     2,1     0,0     2,1     7,5
   4    12,9    15,0    12,7     7,3     2,0     0,0     2,2     7,6
   5    13,0    15,0    12,6     7,2     2,0     0,0     2,4     7,8
   6    13,1    15,0    12,5     7,1     1,9     0,0     2,5     7,9
   7    13,2    15,0    12,4     6,8     1,8     0,0     2,6     8,1
   8    13,3    14,9    12,2     6,7     1,6     0,0     2,7     8,2
   9    13,4    14,9    12,1     6,6     1,5     0,0     2,8     8,4
  10    13,5    14,9    12,0     6,5     1,5     0,0     2,9     8,5
  11    13,6    14,9    11,9     6,2     1,4     0,0     3,1     8,7
  12    13,6    14,9    11,8     6,1     1,3     0,1     3,2     8,8
  13    13,8    14,8    11,6     6,0     1,2     0,1     3,3     8,9
  14    13,8    14,8    11,5     5,9     1,2     0,1     3,4     9,1
  15    13,9    14,8    11,4     5,8     1,1     0,1     3,5     9,3
  16    14,0    14,8    11,3     5,5     0,9     0,2     3,6     9,4
  17    14,1    14,7    11,2     5,4     0,9     0,2     3,8     9,5
  18    14,1    14,6    11,0     5,3     0,8     0,2     4,0     9,6
  19    14,2    14,6    10,9     5,2     0,8     0,4     4,1     9,8
  20    14,2    14,6    10,8     5,1     0,7     0,4     4,2    10,0
  21    14,3    14,5    10,6     4,8     0,6     0,5     4,4    10,1
  22    14,4    14,5    10,5     4,7     0,6     0,5     4,5    10,2
  23    14,4    14,4    10,4     4,6     0,5     0,6     4,6    10,4
  24    14,5    14,4    10,2     4,5     0,5     0,6     4,7    10,5
  25    14,5    14,3    10,1     4,4     0,5     0,7     4,9    10,6
  26    14,6    14,2     9,9     4,2     0,4     0,7     5,1    10,8
  27    14,6    14,2     9,8     4,0     0,4     0,8     5,2    10,9
  28    14,7    14,1     9,6     3,9     0,2     0,8     5,3    11,1
  29    14,7    14,1     9,5     3,8     0,2     0,9     5,4    11,2
  30    14,8    13,9     9,4     3,6     0,2     0,9     5,6    11,3
  31    14,8    13,9     9,2     3,5     0,1     1,1     5,8    11,4
  32    14,8    13,8     9,1     3,4     0,1     1,2     5,9    11,5
  33    14,9    13,7     8,9     3,3     0,1     1,2     6,0    11,6
  34    14,9    13,6     8,8     3,2     0,1     1,3     6,1    11,8
  35    14,9    13,5     8,6     3,1     0,0     1,4     6,4    11,9
  36    14,9    13,5     8,5     2,9     0,0     1,5     6,5    12,0
  37    14,9    13,4     8,4     2,8     0,0     1,5     6,6    12,1
  38    14,9    13,3     8,2     2,7     0,0     1,6     6,7    12,2
  39    15,0    13,2     8,1     2,6     0,0     1,8     6,9    12,4
  40    15,0    13,1     7,9     2,5     0,0     1,9     7,1    12,5
  41    15,0    13,0     7,8     2,4     0,0     2,0     7,2    12,6
  42    15,0    12,9     7,6     2,2     0,0     2,1     7,3    12,7
  43    15,0    12,8     7,5     2,1     0,0     2,1     7,5    12,8
  44    15,0    12,7     7,4     2,0     0,0     2,2     7,6    12,9
  45    15,0    12,6     7,2     2,0     0,0     2,4     7,8    13,1
  46    15,0    12,5     7,0     1,9     0,0     2,5     8,0    13,1
  47    15,0    12,4     6,9     1,8     0,0     2,6     8,1    13,2
  48    14,9    12,2     6,7     1,6     0,0     2,7     8,2    13,3
  49    14,9    12,1     6,6     1,5     0,0     2,8     8,4    13,4
  50    14,9    12,0     6,5     1,5     0,0     2,9     8,6    13,5
  51    14,9    11,9     6,3     1,4     0,0     3,1     8,7    13,5
  52    14,9    11,8     6,2     1,3     0,1     3,2     8,8    13,6
  53    14,8    11,6     6,0     1,2     0,1     3,3     8,9    13,8
  54    14,8    11,5     5,9     1,2     0,1     3,4     9,1    13,9
  55    14,8    11,4     5,7     1,1     0,1     3,5     9,3    13,9
  56    14,8    11,3     5,6     0,9     0,2     3,6     9,4    14,0
  57    14,7    11,1     5,4     0,9     0,2     3,8     9,5    14,0
  58    14,6    11,0     5,3     0,8     0,2     4,0     9,6    14,1
  59    14,6    10,9     5,2     0,8     0,4     4,1     9,9    14,2
  60    14,6    10,8     5,0     0,7     0,4     4,2    10,0    14,2
  61    14,5    10,6     4,9     0,6     0,5     4,4    10,1    14,4
  62    14,5    10,5     4,7     0,6     0,5     4,5    10,2    14,4
  63    14,4    10,4     4,6     0,5     0,6     4,6    10,4    14,5
  64    14,4    10,2     4,5     0,5     0,6     4,7    10,5    14,5
  65    14,3    10,1     4,4     0,5     0,7     4,9    10,7    14,6
  66    14,2     9,9     4,2     0,4     0,7     5,1    10,8    14,6
  67    14,2     9,8     4,1     0,4     0,8     5,2    10,9    14,6
  68    14,1     9,6     3,9     0,2     0,8     5,3    11,1    14,7
  69    14,1     9,5     3,8     0,2     0,9     5,4    11,2    14,7
  70    13,9     9,4     3,6     0,2     1,1     5,6    11,3    14,7
  71    13,9     9,2     3,5     0,1     1,1     5,8    11,4    14,8
  72    13,8     9,1     3,4     0,1     1,2     5,9    11,5    14,8
  73    13,7     8,9     3,3     0,1     1,3     6,0    11,6    14,8
  74    13,6     8,8     3,2     0,1     1,3     6,2    11,8    14,9
  75    13,5     8,6     3,1     0,0     1,4     6,4    11,9    14,9
  76    13,5     8,5     2,9     0,0     1,5     6,5    12,0    14,9
  77    13,4     8,4     2,8     0,0     1,6     6,6    12,1    14,9
  78    13,3     8,2     2,7     0,0     1,6     6,8    12,2    14,9
  79    13,2     8,1     2,6     0,0     1,8     6,9    12,4    14,9
  80    13,1     7,9     2,5     0,0     1,9     7,1    12,5    14,9
  81    13,0     7,8     2,4     0,0     2,0     7,2    12,6    14,9
  82    12,9     7,6     2,3     0,0     2,1     7,4    12,7    14,9
  83    12,8     7,5     2,2     0,0     2,2     7,5    12,8    14,9
  84    12,6     7,3     2,1     0,0     2,2     7,6    12,9    14,9
  85    12,6     7,2     1,9     0,0     2,4     7,8    13,1    14,9
  86    12,5     7,0     1,9     0,0     2,5     8,0    13,2    14,9
  87    12,4     6,9     1,8     0,0     2,6     8,1    13,2    14,9
  88    12,2     6,7     1,6     0,0     2,7     8,2    13,3    14,9
  89    12,1     6,6     1,6     0,0     2,8     8,4    13,4    14,9
  90    12,0     6,4     1,5     0,0     2,9     8,6    13,5    14,9
  91    11,9     6,3     1,4     0,0     3,1     8,7    13,5    14,9
  92    11,8     6,1     1,3     0,1     3,2     8,8    13,6    14,8
  93    11,6     6,0     1,2     0,1     3,3     8,9    13,8    14,8
  94    11,5     5,8     1,2     0,1     3,4     9,2    13,9    14,8
  95    11,4     5,7     1,1     0,1     3,5     9,3    13,9    14,8
  96    11,2     5,6     1,0     0,2     3,6     9,4    14,0    14,7
  97    11,1     5,4     0,9     0,2     3,9     9,5    14,0    14,7
  98    11,0     5,3     0,8     0,2     4,0     9,6    14,1    14,7
  99    10,9     5,1     0,8     0,4     4,1     9,9    14,2    14,6
 100    10,8     5,0     0,7     0,4     4,2    10,0    14,2    14,6
 101    10,6     4,9     0,6     0,5     4,4    10,1    14,4    14,5
 102    10,5     4,7     0,6     0,5     4,5    10,2    14,4    14,5
 103    10,4     4,6     0,5     0,6     4,6    10,4    14,5    14,5
 104    10,2     4,5     0,5     0,6     4,8    10,5    14,5    14,4
 105    10,1     4,3     0,4     0,7     4,9    10,7    14,6    14,4
 106     9,9     4,2     0,4     0,7     5,1    10,8    14,6    14,2
 107     9,8     4,1     0,4     0,8     5,2    10,9    14,6    14,1
 108     9,6     3,9     0,3     0,8     5,3    11,1    14,7    14,1
 109     9,5     3,8     0,2     0,9     5,4    11,2    14,7    14,0
 110     9,4     3,6     0,2     1,1     5,6    11,3    14,8    14,0
 111     9,2     3,5     0,2     1,1     5,8    11,4    14,8    13,9
 112     9,1     3,4     0,1     1,2     5,9    11,5    14,8    13,8
 113     8,9     3,3     0,1     1,3     6,0    11,6    14,8    13,8
 114     8,8     3,2     0,1     1,3     6,2    11,8    14,9    13,6
 115     8,6     3,1     0,1     1,4     6,4    11,9    14,9    13,5
 116     8,5     2,9     0,1     1,5     6,5    12,0    14,9    13,4
 117     8,4     2,8     0,0     1,6     6,6    12,1    14,9    13,4
 118     8,2     2,7     0,0     1,6     6,8    12,2    14,9    13,3
 119     8,1     2,6     0,0     1,8     6,9    12,4    14,9    13,2
 120     7,9     2,5     0,0     1,9     7,1    12,5    14,9    13,1
 121     7,8     2,4     0,0     2,0     7,2    12,6    14,9    12,9
 122     7,6     2,2     0,0     2,1     7,4    12,7    14,9    12,8
 123     7,5     2,2     0,0     2,2     7,5    12,8    15,1    12,8
 124     7,3     2,1     0,0     2,2     7,6    12,9    14,9    12,7
 125     7,2     1,9     0,0     2,4     7,8    13,1    14,9    12,6
 126     7,0     1,8     0,0     2,5     8,0    13,2    14,9    12,5
 127     6,9     1,8     0,0     2,6     8,1    13,2    14,9    12,4
 128     6,7     1,6     0,0     2,7     8,2    13,3    14,9    12,2
 129     6,6     1,6     0,1     2,8     8,4    13,4    14,9    12,1
 130     6,4     1,5     0,1     2,9     8,6    13,5    14,9    12,0
 131     6,3     1,4     0,1     3,1     8,7    13,5    14,9    11,9
 132     6,1     1,3     0,1     3,2     8,8    13,6    14,8    11,8
 133     6,0     1,2     0,1     3,3     8,9    13,8    14,8    11,6
 134     5,8     1,1     0,2     3,4     9,2    13,9    14,8    11,5
 135     5,7     1,1     0,2     3,5     9,3    13,9    14,8    11,4
 136     5,5     1,0     0,2     3,8     9,4    14,0    14,7    11,3
 137     5,4     0,9     0,3     3,9     9,5    14,1    14,7    11,2
 138     5,3     0,8     0,3     4,0     9,6    14,1    14,7    10,9
 139     5,1     0,8     0,4     4,1     9,9    14,2    14,6    10,8
 140     5,0     0,7     0,4     4,2    10,0    14,2    14,6    10,7
 141     4,9     0,6     0,5     4,4    10,1    14,4    14,5    10,6
 142     4,7     0,6     0,5     4,5    10,2    14,4    14,5    10,5
 143     4,6     0,5     0,6     4,6    10,4    14,5    14,5    10,4
 144     4,5     0,5     0,6     4,8    10,6    14,5    14,4    10,2
 145     4,3     0,4     0,7     4,9    10,7    14,6    14,2    10,0
 146     4,2     0,4     0,8     5,1    10,8    14,6    14,2     9,9
 147     4,1     0,4     0,8     5,2    10,9    14,6    14,1     9,8
 148     3,9     0,3     0,9     5,3    11,1    14,7    14,1     9,6
 149     3,8     0,2     0,9     5,5    11,2    14,7    14,0     9,5
 150     3,6     0,2     1,1     5,6    11,3    14,8    14,0     9,3
 151     3,5     0,2     1,1     5,8    11,4    14,8    13,9     9,2
 152     3,4     0,1     1,2     5,9    11,5    14,8    13,8     9,1
 153     3,3     0,1     1,3     6,0    11,6    14,8    13,8     8,9
 154     3,2     0,1     1,4     6,2    11,8    14,9    13,6     8,7
 155     3,1     0,1     1,4     6,4    11,9    14,9    13,5     8,6
 156     2,9     0,1     1,5     6,5    12,0    14,9    13,4     8,5
 157     2,8     0,0     1,6     6,6    12,1    14,9    13,4     8,4
 158     2,7     0,0     1,7     6,8    12,2    14,9    13,3     8,1
 159     2,6     0,0     1,8     6,9    12,4    14,9    13,2     8,0
 160     2,5     0,0     1,9     7,1    12,5    14,9    13,1     7,9
 161     2,4     0,0     2,0     7,2    12,6    14,9    12,9     7,8
 162     2,2     0,0     2,1     7,4    12,7    14,9    12,8     7,5
 163     2,2     0,0     2,2     7,5    12,8    15,1    12,8     7,4
 164     2,1     0,0     2,3     7,6    12,9    14,9    12,7     7,3
 165     1,9     0,0     2,4     7,8    13,1    14,9    12,6     7,2
 166     1,8     0,0     2,5     8,0    13,2    14,9    12,5     6,9
 167     1,8     0,0     2,6     8,1    13,2    14,9    12,4     6,8
 168     1,6     0,0     2,8     8,2    13,3    14,9    12,2     6,7
 169     1,6     0,1     2,9     8,4    13,4    14,9    12,1     6,6
 170     1,5     0,1     3,0     8,6    13,5    14,9    12,0     6,4
 171     1,4     0,1     3,1     8,7    13,6    14,9    11,9     6,2
 172     1,3     0,1     3,2     8,8    13,6    14,8    11,8     6,1
 173     1,2     0,1     3,4     8,9    13,8    14,8    11,6     6,0
 174     1,1     0,2     3,5     9,2    13,9    14,8    11,5     5,8
 175     1,1     0,2     3,6     9,3    13,9    14,8    11,4     5,6
 176     1,0     0,2     3,7     9,4    14,0    14,7    11,3     5,5
 177     0,9     0,3     3,9     9,5    14,1    14,7    11,1     5,4
 178     0,8     0,3     4,0     9,8    14,1    14,7    10,9     5,3
 179     0,8     0,4     4,1     9,9    14,2    14,6    10,8     5,1
 180     0,7     0,4     4,2    10,0    14,2    14,6    10,7     4,9
 181     0,6     0,5     4,4    10,1    14,4    14,5    10,6     4,8
 182     0,6     0,5     4,5    10,2    14,4    14,5    10,5     4,7
 183     0,5     0,6     4,6    10,4    14,5    14,4    10,4     4,6
 184     0,5     0,6     4,8    10,6    14,5    14,4    10,1     4,5
 185     0,4     0,7     4,9    10,7    14,6    14,2    10,0     4,2
 186     0,4     0,8     5,1    10,8    14,6    14,2     9,9     4,1
 187     0,4     0,8     5,2    10,9    14,7    14,1     9,8     4,0
 188     0,3     0,9     5,4    11,1    14,7    14,1     9,6     3,9
 189     0,2     0,9     5,5    11,2    14,7    14,0     9,5     3,8
 190     0,2     1,1     5,6    11,3    14,8    14,0     9,3     3,6
 191     0,2     1,1     5,8    11,4    14,8    13,9     9,2     3,5
 192     0,1     1,2     5,9    11,5    14,8    13,8     9,1     3,4
 193     0,1     1,3     6,1    11,6    14,8    13,6     8,9     3,3
 194     0,1     1,4     6,2    11,8    14,9    13,6     8,7     3,2
 195     0,1     1,5     6,4    11,9    14,9    13,5     8,6     3,1
 196     0,1     1,5     6,5    12,1    14,9    13,4     8,5     2,9
 197     0,0     1,6     6,6    12,1    14,9    13,4     8,4     2,8
 198     0,0     1,7     6,8    12,2    14,9    13,3     8,1     2,7
 199     0,0     1,8     6,9    12,4    14,9    13,2     8,0     2,6
 200     0,0     1,9     7,1    12,5    14,9    13,1     7,9     2,5
 201     0,0     2,0     7,2    12,6    14,9    12,9     7,8     2,4
 202     0,0     2,1     7,4    12,7    14,9    12,8     7,5     2,2
 203     0,0     2,2     7,5    12,8    15,1    12,7     7,4     2,1
 204     0,0     2,3     7,7    12,9    14,9    12,7     7,3     2,0
 205     0,0     2,4     7,8    13,1    14,9    12,6     7,2     1,9
 206     0,0     2,5     8,0    13,2    14,9    12,5     6,9     1,8
 207     0,0     2,6     8,1    13,2    14,9    12,4     6,8     1,8
 208     0,0     2,8     8,3    13,3    14,9    12,2     6,7     1,6
 209     0,1     2,9     8,4    13,4    14,9    12,1     6,6     1,5
 210     0,1     3,0     8,6    13,5    14,9    12,0     6,4     1,4
 211     0,1     3,1     8,7    13,6    14,9    11,9     6,2     1,4
 212     0,1     3,2     8,9    13,6    14,8    11,8     6,1     1,3
 213     0,1     3,4     9,0    13,8    14,8    11,6     6,0     1,2
 214     0,2     3,5     9,2    13,9    14,8    11,5     5,8     1,1
 215     0,2     3,6     9,3    13,9    14,8    11,4     5,6     1,1
 216     0,2     3,8     9,4    14,0    14,7    11,2     5,5     0,9
 217     0,3     3,9     9,6    14,1    14,7    11,1     5,4     0,9
 218     0,3     4,0     9,7    14,1    14,7    10,9     5,3     0,8
 219     0,4     4,1     9,9    14,2    14,6    10,8     5,1     0,7
 220     0,4     4,2    10,0    14,2    14,6    10,7     4,9     0,7
 221     0,5     4,4    10,1    14,4    14,5    10,6     4,8     0,6
 222     0,5     4,5    10,3    14,4    14,5    10,5     4,7     0,6
 223     0,6     4,6    10,4    14,5    14,4    10,4     4,6     0,5
 224     0,6     4,8    10,5    14,5    14,4    10,1     4,4     0,5
 225     0,7     4,9    10,7    14,6    14,2    10,0     4,2     0,4
 226     0,8     5,1    10,8    14,6    14,2     9,9     4,1     0,4
 227     0,8     5,2    10,9    14,7    14,1     9,8     4,0     0,4
 228     0,9     5,4    11,1    14,7    14,1     9,6     3,9     0,2
 229     0,9     5,5    11,2    14,7    14,0     9,4     3,8     0,2
 230     1,1     5,6    11,4    14,8    13,9     9,3     3,6     0,2
 231     1,1     5,8    11,5    14,8    13,9     9,2     3,5     0,1
 232     1,2     5,9    11,6    14,8    13,8     9,1     3,4     0,1
 233     1,3     6,1    11,7    14,8    13,6     8,9     3,3     0,1
 234     1,4     6,2    11,8    14,9    13,6     8,7     3,2     0,1
 235     1,5     6,4    11,9    14,9    13,5     8,6     3,1     0,0
 236     1,5     6,5    12,1    14,9    13,4     8,5     2,9     0,0
 237     1,6     6,6    12,2    14,9    13,3     8,4     2,8     0,0
 238     1,7     6,8    12,3    14,9    13,3     8,1     2,7     0,0
 239     1,8     6,9    12,4    14,9    13,2     8,0     2,6     0,0
 240     1,9     7,1    12,5    14,9    13,1     7,9     2,5     0,0
 241     2,0     7,2    12,6    14,9    12,9     7,8     2,4     0,0
 242     2,1     7,4    12,8    14,9    12,8     7,5     2,2     0,0
 243     2,2     7,5    12,8    15,1    12,7     7,4     2,1     0,0
 244     2,4     7,7    12,9    14,9    12,7     7,3     2,0     0,0
 245     2,4     7,8    13,1    14,9    12,6     7,2     1,9     0,0
 246     2,5     8,0    13,1    14,9    12,5     6,9     1,8     0,0
 247     2,6     8,1    13,2    14,9    12,4     6,8     1,8     0,0
 248     2,8     8,3    13,4    14,9    12,2     6,7     1,6     0,0
 249     2,9     8,4    13,4    14,9    12,1     6,6     1,5     0,0
 250     3,0     8,6    13,5    14,9    12,0     6,4     1,4     0,0
 251     3,1     8,7    13,6    14,9    11,9     6,2     1,4     0,1
 252     3,2     8,9    13,7    14,8    11,8     6,1     1,3     0,1
 253     3,4     9,0    13,8    14,8    11,6     6,0     1,2     0,1
 254     3,5     9,2    13,8    14,8    11,5     5,8     1,1     0,1
 255     3,6     9,3    13,9    14,8    11,4     5,6     1,1     0,2
 256     3,8     9,5    14,0    14,7    11,2     5,5     0,9     0,2
 257     3,9     9,6    14,1    14,7    11,1     5,4     0,9     0,2
 258     4,0     9,7    14,1    14,7    10,9     5,2     0,8     0,4
 259     4,1     9,9    14,2    14,6    10,8     5,1     0,7     0,4
 260     4,3    10,0    14,3    14,6    10,7     4,9     0,7     0,4
 261     4,4    10,2    14,4    14,5    10,6     4,8     0,6     0,5
 262     4,5    10,3    14,4    14,5    10,5     4,7     0,6     0,5
 263     4,6    10,4    14,5    14,4    10,4     4,6     0,5     0,6
 264     4,8    10,5    14,5    14,4    10,1     4,4     0,5     0,6
 265     4,9    10,7    14,5    14,2    10,0     4,2     0,4     0,7
 266     5,1    10,8    14,6    14,2     9,9     4,1     0,4     0,7
 267     5,2    10,9    14,6    14,1     9,8     4,0     0,4     0,8
 268     5,4    11,1    14,7    14,1     9,6     3,9     0,2     0,8
 269     5,5    11,2    14,7    14,0     9,4     3,8     0,2     0,9
 270     5,6    11,4    14,8    13,9     9,3     3,6     0,2     1,1
 271     5,8    11,5    14,8    13,9     9,2     3,5     0,1     1,1
 272     5,9    11,6    14,8    13,8     9,1     3,4     0,1     1,2
 273     6,1    11,7    14,9    13,6     8,8     3,3     0,1     1,3
 274     6,2    11,8    14,9    13,6     8,7     3,2     0,1     1,3
 275     6,4    11,9    14,9    13,5     8,6     3,1     0,0     1,4
 276     6,5    12,1    14,9    13,4     8,5     2,9     0,0     1,5
 277     6,6    12,2    14,9    13,3     8,4     2,8     0,0     1,6
 278     6,8    12,3    14,9    13,3     8,1     2,7     0,0     1,8
 279     6,9    12,4    15,0    13,2     8,0     2,6     0,0     1,8
 280     7,1    12,5    15,0    13,1     7,9     2,5     0,0     1,9
 281     7,2    12,6    15,0    12,9     7,6     2,4     0,0     2,0
 282     7,4    12,8    15,0    12,8     7,5     2,2     0,0     2,1
 283     7,5    12,8    15,0    12,7     7,4     2,1     0,0     2,2
 284     7,7    12,9    15,0    12,6     7,3     2,0     0,0     2,4
 285     7,8    13,1    15,0    12,6     7,1     1,9     0,0     2,5
 286     8,0    13,2    15,0    12,5     6,9     1,8     0,0     2,6
 287     8,1    13,2    14,9    12,4     6,8     1,8     0,0     2,7
 288     8,3    13,4    14,9    12,2     6,7     1,6     0,0     2,8
 289     8,4    13,4    14,9    12,1     6,5     1,5     0,0     2,8
 290     8,6    13,5    14,9    12,0     6,4     1,4     0,0     2,9
 291     8,7    13,6    14,9    11,9     6,2     1,3     0,1     3,2
 292     8,9    13,7    14,9    11,8     6,1     1,3     0,1     3,3
 293     9,0    13,8    14,8    11,6     5,9     1,2     0,1     3,4
 294     9,2    13,8    14,8    11,5     5,8     1,1     0,1     3,5
 295     9,3    13,9    14,8    11,3     5,6     1,1     0,2     3,6
 296     9,5    14,0    14,8    11,2     5,5     0,9     0,2     3,8
 297     9,6    14,1    14,7    11,1     5,4     0,8     0,2     3,9
 298     9,8    14,1    14,6    10,9     5,2     0,8     0,4     4,0
 299     9,9    14,2    14,6    10,8     5,1     0,7     0,4     4,1
 300    10,0    14,3    14,6    10,7     4,9     0,7     0,4     4,2
 301    10,2    14,4    14,5    10,6     4,8     0,6     0,5     4,4
 302    10,3    14,4    14,5    10,5     4,7     0,6     0,5     4,6
 303    10,4    14,5    14,4    10,2     4,6     0,5     0,6     4,7
 304    10,6    14,5    14,4    10,1     4,4     0,5     0,6     4,8
 305    10,7    14,6    14,3    10,0     4,2     0,4     0,7     4,9
 306    10,8    14,6    14,2     9,9     4,1     0,4     0,7     5,1
 307    10,9    14,6    14,1     9,8     4,0     0,4     0,8     5,2
 308    11,1    14,7    14,1     9,6     3,9     0,2     0,9     5,4
 309    11,2    14,8    14,0     9,4     3,8     0,2     0,9     5,5
 310    11,4    14,8    13,9     9,3     3,6     0,2     1,1     5,6
 311    11,5    14,8    13,8     9,2     3,5     0,1     1,1     5,8
 312    11,6    14,8    13,8     9,1     3,4     0,1     1,2     6,0
 313    11,7    14,9    13,7     8,8     3,3     0,1     1,3     6,1
 314    11,8    14,9    13,6     8,7     3,1     0,1     1,4     6,2
 315    11,9    14,9    13,5     8,6     2,9     0,0     1,4     6,4
 316    12,1    14,9    13,4     8,5     2,8     0,0     1,5     6,5
 317    12,2    14,9    13,4     8,2     2,7     0,0     1,6     6,7
 318    12,3    14,9    13,2     8,1     2,7     0,0     1,8     6,8
 319    12,4    15,0    13,2     8,0     2,6     0,0     1,8     6,9
 320    12,5    15,0    13,1     7,9     2,5     0,0     1,9     7,1
 321    12,6    15,0    12,9     7,6     2,4     0,0     2,0     7,3
 322    12,8    15,0    12,8     7,5     2,2     0,0     2,1     7,4
 323    12,8    15,0    12,8     7,4     2,1     0,0     2,2     7,5
 324    12,9    15,0    12,6     7,3     2,0     0,0     2,4     7,8
 325    13,1    15,0    12,5     7,1     1,9     0,0     2,5     7,9
 326    13,2    15,0    12,4     6,9     1,8     0,0     2,6     8,0
 327    13,2    14,9    12,3     6,8     1,8     0,0     2,7     8,1
 328    13,4    14,9    12,2     6,7     1,6     0,0     2,8     8,4
 329    13,4    14,9    12,1     6,5     1,5     0,0     2,9     8,5
 330    13,5    14,9    11,9     6,4     1,4     0,0     3,1     8,6
 331    13,6    14,9    11,8     6,2     1,3     0,1     3,2     8,7
 332    13,7    14,9    11,7     6,1     1,3     0,1     3,3     8,9
 333    13,8    14,8    11,6     5,9     1,2     0,1     3,4     9,1
 334    13,9    14,8    11,5     5,8     1,1     0,1     3,5     9,2
 335    13,9    14,8    11,4     5,6     1,1     0,2     3,6     9,3
 336    14,0    14,7    11,2     5,5     0,9     0,2     3,8     9,4
 337    14,1    14,7    11,1     5,4     0,8     0,2     3,9     9,6
 338    14,2    14,6    10,9     5,2     0,8     0,4     4,0     9,8
 339    14,2    14,6    10,8     5,1     0,7     0,4     4,1     9,9
 340    14,3    14,5    10,7     4,9     0,7     0,4     4,2    10,0
 341    14,4    14,5    10,5     4,8     0,6     0,5     4,4    10,1
 342    14,4    14,5    10,4     4,7     0,6     0,5     4,6    10,4
 343    14,5    14,4    10,3     4,5     0,5     0,6     4,7    10,5
 344    14,5    14,4    10,2     4,4     0,5     0,6     4,8    10,6
 345    14,6    14,3    10,0     4,2     0,4     0,7     4,9    10,7
 346    14,6    14,2     9,9     4,1     0,4     0,7     5,1    10,8
 347    14,6    14,1     9,7     4,0     0,4     0,8     5,3    10,9
 348    14,7    14,1     9,6     3,9     0,2     0,9     5,4    11,1
 349    14,8    14,0     9,5     3,8     0,2     0,9     5,5    11,2
 350    14,8    13,9     9,3     3,6     0,2     1,1     5,6    11,4
 351    14,8    13,8     9,2     3,5     0,1     1,1     5,8    11,5
 352    14,8    13,8     9,0     3,4     0,1     1,2     6,0    11,6
 353    14,9    13,7     8,9     3,2     0,1     1,3     6,1    11,8
 354    14,9    13,6     8,7     3,1     0,1     1,4     6,2    11,9
 355    14,9    13,5     8,6     2,9     0,0     1,4     6,4    12,0
 356    14,9    13,4     8,4     2,8     0,0     1,5     6,6    12,1
 357    14,9    13,4     8,3     2,7     0,0     1,6     6,7    12,2
 358    14,9    13,2     8,1     2,6     0,0     1,8     6,8    12,4
 359    15,0    13,1     8,0     2,5     0,0     1,8     6,9    12,5
 360    15,0    13,1     7,8     2,5     0,0     1,9     7,2    12,6
 361    15,0    12,9     7,7     2,4     0,0     2,0     7,3    12,7
 362    15,0    12,8     7,5     2,2     0,0     2,1     7,4    12,7
 363    15,0    12,8     7,4     2,1     0,0     2,2     7,5    12,8
 364    15,0    12,6     7,2     2,0     0,0     2,4     7,8    12,9
 365    15,0    12,5     7,1     1,9     0,0     2,5     7,9    13,1
 366    15,0    12,4     6,9     1,8     0,0     2,6     8,0    13,2
 367    14,9    12,3     6,8     1,6     0,0     2,7     8,1    13,3
 368    14,9    12,2     6,6     1,6     0,0     2,8     8,4    13,3
 369    14,9    12,1     6,5     1,5     0,0     2,9     8,5    13,4
 370    14,9    11,9     6,4     1,4     0,0     3,1     8,6    13,5
 371    14,9    11,8     6,2     1,3     0,1     3,2     8,7    13,6
 372    14,9    11,7     6,1     1,3     0,1     3,3     8,9    13,6
 373    14,8    11,6     5,9     1,2     0,1     3,4     9,1    13,8
 374    14,8    11,5     5,8     1,1     0,1     3,5     9,2    13,9
 375    14,8    11,4     5,6     1,1     0,2     3,6     9,3    13,9
 376    14,7    11,2     5,5     0,9     0,2     3,8     9,4    14,0
 377    14,7    11,1     5,4     0,8     0,2     3,9     9,6    14,1
 378    14,6    10,9     5,2     0,8     0,4     4,0     9,8    14,1
 379    14,6    10,8     5,1     0,7     0,4     4,1     9,9    14,2
 380    14,5    10,7     4,9     0,7     0,4     4,2    10,0    14,2
 381    14,5    10,5     4,8     0,6     0,5     4,5    10,1    14,4
 382    14,5    10,4     4,6     0,6     0,5     4,6    10,4    14,4
 383    14,4    10,3     4,5     0,5     0,6     4,7    10,5    14,5
 384    14,4    10,1     4,4     0,5     0,6     4,8    10,6    14,5
 385    14,3    10,0     4,2     0,4     0,7     4,9    10,7    14,6
 386    14,2     9,9     4,1     0,4     0,7     5,1    10,8    14,6
 387    14,1     9,7     4,0     0,4     0,8     5,3    10,9    14,7
 388    14,1     9,6     3,9     0,2     0,9     5,4    11,1    14,7
 389    14,0     9,4     3,8     0,2     0,9     5,5    11,3    14,7
 390    13,9     9,3     3,6     0,2     1,1     5,6    11,4    14,8
 391    13,8     9,2     3,5     0,1     1,1     5,8    11,5    14,8
 392    13,8     9,0     3,4     0,1     1,2     6,0    11,6    14,8
 393    13,7     8,9     3,2     0,1     1,3     6,1    11,8    14,8
 394    13,6     8,7     3,1     0,1     1,4     6,2    11,9    14,9
 395    13,5     8,6     3,0     0,0     1,4     6,4    12,0    14,9
 396    13,4     8,4     2,9     0,0     1,5     6,6    12,1    14,9
 397    13,4     8,3     2,8     0,0     1,6     6,7    12,2    14,9
 398    13,2     8,1     2,6     0,0     1,8     6,8    12,4    14,9
 399    13,1     8,0     2,5     0,0     1,8     6,9    12,5    14,9
 400    13,1     7,8     2,4     0,0     1,9     7,2    12,6    14,9
 401    12,9     7,7     2,3     0,0     2,0     7,3    12,7    14,9
 402    12,8     7,5     2,2     0,0     2,1     7,4    12,7    14,9
 403    12,7     7,4     2,1     0,0     2,2     7,5    12,8    14,9
 404    12,6     7,2     2,0     0,0     2,4     7,8    12,9    14,9
 405    12,5     7,1     1,9     0,0     2,5     7,9    13,1    14,9
 406    12,4     6,9     1,8     0,0     2,6     8,0    13,2    14,9
 407    12,3     6,8     1,7     0,0     2,7     8,1    13,3    14,9
 408    12,2     6,6     1,6     0,0     2,8     8,4    13,4    14,9
 409    12,1     6,5     1,5     0,0     2,9     8,5    13,4    14,9
 410    11,9     6,4     1,5     0,0     3,1     8,6    13,5    14,9
 411    11,8     6,2     1,4     0,1     3,2     8,7    13,6    14,9
 412    11,7     6,1     1,3     0,1     3,3     8,9    13,8    14,8
 413    11,6     5,9     1,2     0,1     3,4     9,1    13,8    14,8
 414    11,5     5,8     1,1     0,1     3,5     9,2    13,9    14,8
 415    11,4     5,6     1,1     0,2     3,6     9,3    14,0    14,8
 416    11,2     5,5     0,9     0,2     3,8     9,5    14,0    14,7
 417    11,1     5,4     0,9     0,2     3,9     9,6    14,1    14,7
 418    10,9     5,2     0,8     0,4     4,0     9,8    14,1    14,6
 419    10,8     5,1     0,8     0,4     4,1     9,9    14,2    14,6
 420    10,7     4,9     0,7     0,4     4,2    10,0    14,2    14,6
 421    10,5     4,8     0,6     0,5     4,5    10,2    14,4    14,5
 422    10,4     4,6     0,6     0,5     4,6    10,4    14,4    14,5
 423    10,3     4,5     0,5     0,6     4,7    10,5    14,5    14,4
 424    10,1     4,4     0,5     0,6     4,8    10,6    14,5    14,4
 425    10,0     4,2     0,4     0,7     4,9    10,7    14,6    14,2
 426     9,9     4,1     0,4     0,7     5,1    10,8    14,6    14,2
 427     9,7     4,0     0,3     0,8     5,3    10,9    14,7    14,1
 428     9,6     3,9     0,3     0,9     5,4    11,1    14,7    14,1
 429     9,4     3,7     0,2     0,9     5,5    11,3    14,7    14,0
 430     9,3     3,6     0,2     1,1     5,6    11,4    14,8    13,9
 431     9,1     3,5     0,2     1,2     5,8    11,5    14,8    13,9
 432     9,0     3,4     0,1     1,2     6,0    11,6    14,8    13,8
 433     8,9     3,2     0,1     1,3     6,1    11,8    14,8    13,6
 434     8,7     3,1     0,1     1,4     6,2    11,9    14,9    13,6
 435     8,6     3,0     0,1     1,4     6,4    12,0    14,9    13,5
 436     8,4     2,9     0,1     1,5     6,6    12,1    14,9    13,4
 437     8,3     2,8     0,0     1,6     6,7    12,2    14,9    13,3
 438     8,1     2,6     0,0     1,8     6,8    12,4    14,9    13,2
 439     8,0     2,5     0,0     1,9     6,9    12,5    14,9    13,2
 440     7,8     2,4     0,0     1,9     7,2    12,6    14,9    13,1
 441     7,7     2,3     0,0     2,0     7,3    12,7    14,9    12,9
 442     7,5     2,2     0,0     2,1     7,4    12,8    15,1    12,8
 443     7,4     2,1     0,0     2,2     7,5    12,8    14,9    12,7
 444     7,2     2,0     0,0     2,4     7,8    12,9    14,9    12,6
 445     7,1     1,9     0,0     2,5     7,9    13,1    14,9    12,5
 446     6,9     1,8     0,0     2,6     8,0    13,2    14,9    12,4
 447     6,8     1,7     0,0     2,7     8,1    13,3    14,9    12,2
 448     6,6     1,6     0,0     2,8     8,4    13,4    14,9    12,1
 449     6,5     1,5     0,1     2,9     8,5    13,4    14,9    12,0
 450     6,4     1,4     0,1     3,1     8,6    13,5    14,9    11,9
 451     6,2     1,4     0,1     3,2     8,7    13,6    14,9    11,8
 452     6,1     1,3     0,1     3,3     8,9    13,8    14,8    11,6
 453     5,9     1,2     0,1     3,4     9,1    13,8    14,8    11,5
 454     5,8     1,1     0,2     3,5     9,2    13,9    14,8    11,4
 455     5,6     1,1     0,2     3,6     9,3    14,0    14,8    11,3
 456     5,5     0,9     0,2     3,8     9,5    14,0    14,7    11,2
 457     5,4     0,9     0,3     3,9     9,6    14,1    14,7    11,1
 458     5,2     0,8     0,4     4,0     9,8    14,1    14,6    10,9
 459     5,1     0,8     0,4     4,1     9,9    14,2    14,6    10,8
 460     4,9     0,7     0,4     4,4    10,0    14,2    14,6    10,7
 461     4,8     0,6     0,5     4,5    10,2    14,4    14,5    10,5
 462     4,6     0,6     0,5     4,6    10,4    14,5    14,5    10,4
 463     4,5     0,5     0,6     4,7    10,5    14,5    14,4    10,2
 464     4,4     0,5     0,6     4,8    10,6    14,5    14,4    10,1
 465     4,2     0,4     0,7     4,9    10,7    14,6    14,2    10,0
 466     4,1     0,4     0,8     5,2    10,8    14,6    14,2     9,9
 467     4,0     0,3     0,8     5,3    10,9    14,7    14,1     9,6
 468     3,9     0,3     0,9     5,4    11,2    14,7    14,0     9,5
 469     3,7     0,2     1,0     5,5    11,3    14,7    14,0     9,4
 470     3,6     0,2     1,1     5,6    11,4    14,8    13,9     9,3
 471     3,5     0,2     1,1     5,9    11,5    14,8    13,9     9,2
 472     3,4     0,1     1,2     6,0    11,6    14,8    13,8     8,9
 473     3,2     0,1     1,3     6,1    11,8    14,8    13,6     8,8
 474     3,1     0,1     1,4     6,2    11,9    14,9    13,5     8,7
 475     3,0     0,1     1,5     6,5    12,0    14,9    13,5     8,6
 476     2,9     0,1     1,6     6,6    12,1    14,9    13,4     8,4
 477     2,8     0,0     1,6     6,7    12,2    14,9    13,3     8,2
 478     2,6     0,0     1,8     6,8    12,4    14,9    13,2     8,1
 479     2,5     0,0     1,8     7,1    12,5    14,9    13,2     8,0
 480     2,4     0,0     1,9     7,2    12,6    14,9    13,1     7,8
 481     2,3     0,0     2,1     7,3    12,7    14,9    12,9     7,6
 482     2,2     0,0     2,2     7,4    12,8    14,9    12,8     7,5
 483     2,1     0,0     2,2     7,6    12,8    14,9    12,7     7,4
 484     2,0     0,0     2,4     7,8    12,9    14,9    12,6     7,2
 485     1,9     0,0     2,5     7,9    13,1    14,9    12,5     7,1
 486     1,8     0,0     2,6     8,0    13,2    14,9    12,4     6,9
 487     1,7     0,0     2,7     8,2    13,3    14,9    12,2     6,8
 488     1,6     0,0     2,8     8,4    13,4    14,9    12,1     6,6
 489     1,5     0,1     2,9     8,5    13,4    14,9    12,0     6,5
 490     1,4     0,1     3,1     8,6    13,5    14,9    11,9     6,4
 491     1,4     0,1     3,2     8,8    13,6    14,9    11,8     6,2
 492     1,2     0,1     3,3     8,9    13,8    14,8    11,6     6,0
 493     1,2     0,1     3,4     9,1    13,8    14,8    11,5     5,9
 494     1,1     0,2     3,5     9,2    13,9    14,8    11,4     5,8
 495     1,0     0,2     3,6     9,3    14,0    14,7    11,3     5,6
 496     0,9     0,2     3,8     9,5    14,0    14,7    11,2     5,4
 497     0,9     0,3     3,9     9,6    14,1    14,7    11,1     5,3
 498     0,8     0,4     4,1     9,8    14,1    14,6    10,9     5,2
 499     0,8     0,4     4,2     9,9    14,2    14,6    10,8     5,1
 500     0,7     0,4     4,3    10,0    14,4    14,6    10,7     4,9
 501     0,6     0,5     4,5    10,2    14,4    14,5    10,5     4,7
 502     0,6     0,5     4,6    10,4    14,5    14,5    10,4     4,6
 503     0,5     0,6     4,7    10,5    14,5    14,4    10,2     4,5
 504     0,5     0,6     4,9    10,6    14,5    14,4    10,1     4,4
 505     0,4     0,7     5,0    10,7    14,6    14,2    10,0     4,2
 506     0,4     0,8     5,1    10,8    14,6    14,2     9,9     4,1
 507     0,3     0,8     5,3    10,9    14,7    14,1     9,6     4,0
 508     0,3     0,9     5,4    11,2    14,7    14,0     9,5     3,9
 509     0,2     1,0     5,6    11,3    14,7    14,0     9,4     3,6
 510     0,2     1,1     5,7    11,4    14,8    13,9     9,3     3,5
 511     0,2     1,2     5,8    11,5    14,8    13,9     9,1     3,4
 512     0,1     1,2     6,0    11,6    14,8    13,8     8,9     3,3
 513     0,1     1,3     6,1    11,8    14,8    13,6     8,8     3,2
 514     0,1     1,4     6,3    11,9    14,9    13,5     8,7     3,1
 515     0,1     1,5     6,4    12,0    14,9    13,5     8,6     2,9
 516     0,1     1,6     6,6    12,1    14,9    13,4     8,4     2,8
 517     0,0     1,6     6,7    12,2    14,9    13,3     8,2     2,7
 518     0,0     1,8     6,9    12,4    14,9    13,2     8,1     2,6
 519     0,0     1,9     7,0    12,5    14,9    13,2     8,0     2,5
 520     0,0     1,9     7,2    12,6    14,9    13,1     7,8     2,4
 521     0,0     2,1     7,3    12,7    14,9    12,9     7,6     2,2
 522     0,0     2,2     7,5    12,8    15,1    12,8     7,5     2,2
 523     0,0     2,2     7,6    12,9    14,9    12,7     7,4     2,1
 524     0,0     2,4     7,8    12,9    14,9    12,6     7,2     2,0
 525     0,0     2,5     7,9    13,1    14,9    12,5     7,1     1,9
 526     0,0     2,6     8,1    13,2    14,9    12,4     6,9     1,8
 527     0,0     2,7     8,2    13,3    14,9    12,2     6,7     1,6
 528     0,0     2,8     8,4    13,4    14,9    12,1     6,6     1,5
 529     0,1     2,9     8,5    13,4    14,9    12,0     6,5     1,5
 530     0,1     3,1     8,6    13,5    14,9    11,9     6,4     1,4
 531     0,1     3,2     8,8    13,6    14,9    11,8     6,2     1,3
 532     0,1     3,3     8,9    13,8    14,8    11,6     6,0     1,3
 533     0,2     3,4     9,1    13,8    14,8    11,5     5,9     1,2
 534     0,2     3,5     9,2    13,9    14,8    11,4     5,8     1,1
 535     0,2     3,6     9,4    14,0    14,7    11,3     5,6     1,1
 536     0,2     3,8     9,5    14,0    14,7    11,2     5,4     0,9
 537     0,3     3,9     9,6    14,1    14,7    11,1     5,3     0,8
 538     0,4     4,1     9,8    14,1    14,6    10,9     5,2     0,8
 539     0,4     4,2     9,9    14,2    14,6    10,8     5,1     0,7
 540     0,4     4,3    10,1    14,4    14,6    10,6     4,9     0,7
 541     0,5     4,5    10,2    14,4    14,5    10,5     4,7     0,6
 542     0,5     4,6    10,4    14,5    14,5    10,4     4,6     0,6
 543     0,6     4,7    10,5    14,5    14,4    10,2     4,5     0,5
 544     0,6     4,9    10,6    14,5    14,4    10,1     4,4     0,5
 545     0,7     5,0    10,8    14,6    14,2    10,0     4,2     0,4
 546     0,8     5,2    10,9    14,6    14,2     9,8     4,1     0,4
 547     0,9     5,3    11,0    14,7    14,1     9,6     4,0     0,2
 548     0,9     5,4    11,1    14,7    14,0     9,5     3,8     0,2
 549     1,0     5,6    11,3    14,7    14,0     9,4     3,6     0,2
 550     1,1     5,7    11,4    14,8    13,9     9,3     3,5     0,1
 551     1,2     5,9    11,5    14,8    13,9     9,1     3,4     0,1
 552     1,2     6,0    11,6    14,8    13,8     8,9     3,3     0,1
 553     1,3     6,2    11,8    14,8    13,6     8,8     3,2     0,1
 554     1,4     6,3    11,9    14,9    13,5     8,7     3,1     0,0
 555     1,5     6,4    12,0    14,9    13,5     8,5     2,9     0,0
 556     1,6     6,6    12,1    14,9    13,4     8,4     2,8     0,0
 557     1,6     6,7    12,2    14,9    13,3     8,2     2,7     0,0
 558     1,8     6,9    12,4    14,9    13,2     8,1     2,6     0,0
 559     1,9     7,0    12,5    14,9    13,1     7,9     2,5     0,0
 560     1,9     7,2    12,6    14,9    13,1     7,8     2,4     0,0
 561     2,1     7,3    12,7    14,9    12,9     7,6     2,2     0,0
 562     2,2     7,5    12,8    14,9    12,8     7,5     2,1     0,0
 563     2,3     7,6    12,9    14,9    12,7     7,3     2,1     0,0
 564     2,4     7,8    13,0    14,9    12,6     7,2     2,0     0,0
 565     2,5     7,9    13,1    14,9    12,5     7,1     1,9     0,0
 566     2,6     8,1    13,2    14,9    12,4     6,9     1,8     0,0
 567     2,7     8,2    13,3    14,9    12,2     6,7     1,6     0,0
 568     2,8     8,4    13,4    14,9    12,1     6,6     1,5     0,0
 569     2,9     8,5    13,5    14,9    12,0     6,5     1,5     0,0
 570     3,1     8,6    13,5    14,9    11,9     6,4     1,4     0,0
 571     3,2     8,8    13,6    14,9    11,8     6,1     1,3     0,1
 572     3,3     8,9    13,7    14,8    11,6     6,0     1,2     0,1
 573     3,4     9,1    13,8    14,8    11,5     5,9     1,2     0,1
 574     3,5     9,2    13,9    14,8    11,4     5,8     1,1     0,1
 575     3,7     9,4    13,9    14,7    11,3     5,6     0,9     0,2
 576     3,8     9,5    14,1    14,7    11,2     5,4     0,9     0,2
 577     3,9     9,6    14,1    14,7    11,1     5,3     0,8     0,2
 578     4,1     9,8    14,2    14,6    10,9     5,2     0,8     0,4
 579     4,2     9,9    14,2    14,6    10,8     5,1     0,7     0,4
 580     4,4    10,1    14,3    14,6    10,6     4,9     0,7     0,5
 581     4,5    10,2    14,4    14,5    10,5     4,7     0,6     0,5
 582     4,6    10,4    14,4    14,5    10,4     4,6     0,6     0,5
 583     4,8    10,5    14,5    14,4    10,2     4,5     0,5     0,6
 584     4,9    10,6    14,5    14,4    10,1     4,4     0,5     0,6
 585     5,0    10,8    14,6    14,2    10,0     4,2     0,4     0,7
 586     5,2    10,9    14,6    14,2     9,8     4,1     0,4     0,8
 587     5,3    11,0    14,6    14,1     9,6     4,0     0,2     0,8
 588     5,4    11,1    14,7    14,0     9,5     3,8     0,2     0,9
 589     5,6    11,3    14,8    14,0     9,4     3,6     0,2     0,9
 590     5,7    11,4    14,8    13,9     9,3     3,5     0,1     1,1
 591     5,9    11,5    14,8    13,8     9,1     3,4     0,1     1,2
 592     6,0    11,6    14,8    13,8     8,9     3,3     0,1     1,2
 593     6,2    11,8    14,9    13,6     8,8     3,2     0,1     1,3
 594     6,3    11,9    14,9    13,5     8,7     3,1     0,0     1,4
 595     6,5    12,0    14,9    13,5     8,5     2,9     0,0     1,5
 596     6,6    12,1    14,9    13,4     8,4     2,8     0,0     1,5
 597     6,8    12,2    14,9    13,3     8,2     2,7     0,0     1,6
 598     6,9    12,4    15,0    13,2     8,1     2,6     0,0     1,8
 599     7,1    12,5    15,0    13,1     7,9     2,5     0,0     1,9
 600     7,2    12,6    15,0    13,1     7,8     2,4     0,0     2,0
 601     7,4    12,7    15,0    12,9     7,6     2,2     0,0     2,0
 602     7,5    12,8    15,0    12,8     7,5     2,1     0,0     2,1
 603     7,6    12,9    15,0    12,7     7,3     2,1     0,0     2,2
 604     7,8    13,0    15,0    12,6     7,2     2,0     0,0     2,4
 605     7,9    13,1    15,0    12,5     7,1     1,9     0,0     2,5
 606     8,1    13,2    15,0    12,4     6,9     1,8     0,0     2,6
 607     8,2    13,3    14,9    12,2     6,7     1,6     0,0     2,7
 608     8,4    13,4    14,9    12,1     6,6     1,5     0,0     2,8
 609     8,5    13,5    14,9    12,0     6,5     1,5     0,0     2,9
 610     8,6    13,5    14,9    11,9     6,4     1,4     0,0     3,1
 611     8,8    13,6    14,9    11,8     6,1     1,3     0,1     3,2
 612     8,9    13,7    14,9    11,6     6,0     1,2     0,1     3,3
 613     9,1    13,8    14,8    11,5     5,9     1,2     0,1     3,4
 614     9,2    13,9    14,8    11,4     5,8     1,1     0,1     3,5
 615     9,4    13,9    14,8    11,3     5,5     0,9     0,2     3,6
 616     9,5    14,1    14,7    11,2     5,4     0,9     0,2     3,8
 617     9,6    14,1    14,7    11,1     5,3     0,8     0,2     3,9
 618     9,8    14,2    14,6    10,9     5,2     0,8     0,4     4,1
 619     9,9    14,2    14,6    10,8     5,1     0,7     0,4     4,2
 620    10,1    14,3    14,5    10,6     4,8     0,7     0,5     4,4
 621    10,2    14,4    14,5    10,5     4,7     0,6     0,5     4,5
 622    10,4    14,4    14,4    10,4     4,6     0,6     0,6     4,6
 623    10,5    14,5    14,4    10,2     4,5     0,5     0,6     4,7
 624    10,6    14,5    14,3    10,1     4,4     0,5     0,7     4,8
 625    10,8    14,6    14,2    10,0     4,2     0,4     0,7     5,1
 626    10,9    14,6    14,2     9,8     4,1     0,4     0,8     5,2
 627    11,0    14,6    14,1     9,6     3,9     0,2     0,8     5,3
 628    11,2    14,7    14,1     9,5     3,8     0,2     0,9     5,4
 629    11,3    14,8    13,9     9,4     3,6     0,2     0,9     5,5
 630    11,4    14,8    13,9     9,3     3,5     0,1     1,1     5,8
 631    11,5    14,8    13,8     9,1     3,4     0,1     1,2     5,9
 632    11,6    14,9    13,7     8,9     3,3     0,1     1,2     6,0
 633    11,8    14,9    13,6     8,8     3,2     0,1     1,3     6,1
 634    11,9    14,9    13,6     8,7     3,1     0,0     1,4     6,4
 635    12,0    14,9    13,5     8,5     2,9     0,0     1,5     6,5
 636    12,1    14,9    13,4     8,4     2,8     0,0     1,5     6,6
 637    12,2    14,9    13,3     8,2     2,7     0,0     1,6     6,7
 638    12,4    15,0    13,2     8,1     2,6     0,0     1,8     6,9
 639    12,5    15,0    13,1     7,9     2,5     0,0     1,9     7,1
 640    12,6    15,0    13,0     7,8     2,4     0,0     2,0     7,2
